BEGIN=-15
END=15
STEP=1
SIGNAL=(-15;-10.0),(-14;-8.090169943749473),(-13;-3.090169943749471),(-12;3.090169943749477),(-11;8.090169943749482),(-10;10.0),(-9;8.090169943749473),(-8;3.0901699437494723),(-7;-3.0901699437494754),(-6;-8.090169943749475),(-5;-10.0),(-4;-8.090169943749473),(-3;-3.0901699437494736),(-2;3.0901699437494745),(-1;8.090169943749475),(0;10.0),(1;8.090169943749475),(2;3.0901699437494745),(3;-3.0901699437494736),(4;-8.090169943749473),(5;-10.0),(6;-8.090169943749475),(7;-3.0901699437494754),(8;3.0901699437494723),(9;8.090169943749473),(10;10.0),(11;8.090169943749482),(12;3.090169943749477),(13;-3.090169943749471),(14;-8.090169943749473),(15;-10.0),