BEGIN=-15
END=15
STEP=1
SIGNAL=(-15;0.0),(-14;0.6666666666666665),(-13;1.333333333333333),(-12;1.9999999999999996),(-11;2.666666666666667),(-10;3.333333333333334),(-9;4.0),(-8;4.666666666666667),(-7;5.333333333333333),(-6;6.0),(-5;6.666666666666668),(-4;7.333333333333334),(-3;8.0),(-2;8.666666666666668),(-1;9.333333333333334),(0;10.0),(1;9.333333333333334),(2;8.666666666666668),(3;8.0),(4;7.333333333333334),(5;6.666666666666668),(6;6.0),(7;5.333333333333333),(8;4.666666666666667),(9;4.0),(10;3.333333333333334),(11;2.666666666666667),(12;1.9999999999999996),(13;1.333333333333333),(14;0.6666666666666665),(15;0.0),